0.3336614
-0.1528382
0.1014847
-0.03421235
0.3447611
0.1511082
0.7983181
0.2827538
0.1162326
-0.2321733
-0.7545773
1.067623
-0.01739201
0.7511753
0.03670001
-0.04934166
0.9010711
0.4386197
-0.05438969
0.298236
-0.05909429
-0.2899354
0.2404124
-0.1425956
0.1872201
0.4709951
1.048443
0.3112859
1.312327
1.053774
1.971778
1.220373
0.7282977
-0.03067693
0.727295
-0.4286151
0.9353178
0.2501623
0.05143098
-0.05952328
1.228693
0.4797886
0.1964243
0.3988602
0.4384923
0.3953554
0.6256646
-0.05035825
1.500727
-0.3773231
0.09808419
-0.08585025
0.09165343
-2.722981
-0.126329
0.9994871
0.6898456
-0.0345285
-0.262726
-0.1692012
0.5868096
-0.2017868
-0.04979276
0.2784459
-0.2861059
0.2691798
-0.4817624
0.3350056
-0.1991806
0.1490128
0.0557789
-0.1196319
1.320908
0.102134
0.004837946
-0.5422639
0.9185464
0.02319193
0.2403121
0.4222601
0.03299801
4.509122
4.100076
5.349664
4.720822
0.7177225
0.4752459
0.3066889
0.2985579
5.62352
4.071461
4.904859
4.954487
4.249033
4.335309
3.993074
0.6983095
0.4169549
-0.1059469
-0.1368892
0.9937341
0.05022604
0.8004977
-0.3939212
-0.3437259
0.6029057
0.3574817
-0.4120167
-0.4674715
0.04206363
-0.4547787
0.2587358
0.2836153
0.3118227
0.08769299
0.3019474
0.5616153
0.5252956
0.1100875
0.8938683
-0.2300563
-0.3665079
1.230165
4.589563
1.840599
4.991209
4.113129
3.289194
5.173586
5.066727
4.678458
4.700584
4.470794
0.03023647
0.1816605
-0.8234114
0.308748
0.4477218
0.419833
0.193058
0.2897695
-0.08582316
0.6564119
-0.5924396
-0.218603
-0.5488679
-0.009045387
0.7948487
-0.1258867
0.404349
0.3700049
0.1793833
-0.0803972
0.07835585
0.3697772
0.2853909
0.3784528
-0.001319065
0.1424069
0.6783042
0.3969819
0.7832449
-0.02771055
1.193343
0.08680403
1.29314
0.4639365
-0.2821276
0.1890882
0.1133049
0.1668964
0.3945915
-0.01396628
0.300545
0.6891365
1.473537
-0.0955971
0.4004779
0.3860366
0.2747152
0.02391247
0.07403004
0.09019522
0.6296463
-0.09685032
0.3289256
1.013549
-0.1432458
-0.08009911
0.1294185
-0.3094631
0.2461314
-0.0677313
-0.4562136
0.1166424
0.1488984
-0.04859492
0.1927422
0.1364874
-0.04515901
0.1148121
-0.6050229
0.07016375
0.3833605
-0.4175859
-0.7203526
-0.1846705
-0.2107197
-0.5251483
-0.0470274
-0.4617664
-0.2537645
0.1561955
-0.3604582
0.1956694
-0.8288617
0.2136662
-0.3163425
-0.4595922
0.06698985
-0.3278744
-0.221811
0.05053707
-0.308798
-0.1677964
0.02193407
0.7201836
-0.8129312
-0.6958792
-0.4677037
-0.0503888
-1.150012
0.02896117
-0.5439065
-0.4156402
-0.4998481
0.1855856
-0.408208
-0.1192176
0.2985639
-0.3139127
-0.455039
0.1987659
-0.219189
0.09608046
0.1749194
0.01989403
0.5007529
0.468907
0.2127233
-0.3917184
-0.6609022
-0.5950244
-0.2098948
-0.01957494
-0.8138131
0.3638906
-0.578557
-0.6496069
-0.2647991
0.01964441
-0.430959
-0.5387414
-0.06876113
-0.2417576
-1.239959
-0.06641458
-0.1759478
-0.4195801
-0.06503874
-0.4088576
-0.5080167
-0.2747882
-0.7070177
-0.4273714
-0.727949
0.2491337
-0.153107
-0.05304274
-0.01370938
-0.8521334
-0.6185013
-0.5561477
-0.3167247
0.1825484
-0.239364
-0.2837808
-0.6049348
-0.3493749
0.213826
-0.3313106
-0.6363958
-0.7466853
0.1035946
0.7975674
-0.4351256
0.05551952
-0.3325274
-0.3714792
-0.1387035
-0.06218025
0.03869769
-0.3563864
-0.1011244
-0.1000219
-0.06186807
-0.2488773
-0.2643866
0.5054139
-0.311094
-0.01884055
-0.5652583
0.1305951
-0.7546606
-0.499844
0.2622032
-0.4792914
-0.2188693
-0.4337794
-0.1395229
-0.415339
-0.1922224
-0.1606271
0.2234986
-0.3916068
-0.5272628
0.0467521
-0.5293021
0.1436687
-0.2460197
-0.2113132
-0.5856737
-0.1215548
-0.6657347
-0.6055329
-0.3389426
-0.4157108
-0.2797808
-0.5223659
-0.384479
0.5456172
0.6636028
-0.06693921
-0.3833667
-0.5802151
0.7933683
-0.5367336
-0.4409419
-0.5913226
-0.736567
-0.3964284
-0.3188755
-0.6776247
-0.08999769
0.348604
-1.843576
0.04830329
-0.360073
-0.2793843
-0.4280739
-1.757638
-0.2770121
-0.2292324
-0.6649803
-0.5636419
-0.8311765
-0.01543067
0.09163278
0.1768095
0.0944046
-0.07989954
-0.1778646
-0.2957539
0.2954305
0.2582742
-0.6180589
-0.3271218
0.08778209
-0.5208076
0.2724013
-0.2752434
-0.22333
-0.3895886
-0.6884638
-0.6959668
-0.05486621
-0.262797
-0.4100336
-0.4418264
-0.1236246
0.02154172
0.1100242
-0.1106042
-0.2223383
-0.4556779
-0.6029772
0.1785049
-0.2284455
-0.7113957
-0.930839
-0.3396505
0.09542861
-0.4197179
-0.1554728
-0.1789306
-0.8226201
-0.454964
-0.6737639
-0.1024721
0.0400899
-0.02952197
-0.000632098
-0.1944846
-0.247727
-0.2188194
-0.3676579
-1.328054
-0.5102184
-0.002790268
-0.3601249
-0.4248162
-0.7249027
1.064643
-0.5521195
-0.4249203
-0.3005859
-0.2114705
-0.3929409
0.2668408
0.3281177
-0.668539
-0.7939005
-0.1364327
-0.01710071
0.1047974
-0.03636467
-0.2493466
-0.4054638
-1.072975
-0.3479347
-0.09002388
-0.3737849
-0.6201693
-0.2275551
-0.3612634
-0.4094646
-0.9136709
-0.5847008
-0.3863374
-0.3082062
-0.1258269
-0.0685784
-0.3772072
-0.2792319
-0.0314555
-0.1425933
-0.04311561
-0.2101432
1.14195
0.2369235
-0.1333271
-0.1565876
-0.5936786
0.02459301
-0.1210125
-0.06378049
-0.897479
-0.6203132
-1.096515
-0.4518232
-0.06310602
-0.4379232
0.5219318
-0.508582
-0.1456261
-0.5708552
-0.7620561
0.126651
-0.7663904
-0.7831087
-0.1637267
0.2133142
-0.1803864
-0.80529
-0.5809819
-0.7070403
1.068731
-0.003050403
-0.2437038
-0.5697316
-0.1263022
-0.2378562
0.03760448
-0.7667751
-0.3938122
-0.3031837
-0.01264373
-0.4535131
-0.4465376
0.174711
-0.0778457
-0.5209159
-0.1132043
-0.5721346
0.240657
-0.3737069
-0.4847445
-0.4742896
-0.3157975
-0.3153048
-2.19512
-0.4494565
-0.215841
-0.05872626
0.2085813
0.02021138
-0.2000118
-0.4284801
0.4004949
-0.3714367
-0.3647151
-0.2472378
-0.5438607
0.3817412
0.1622043
0.1607291
0.0788078
-0.259972
-0.6140589
-0.3940706
-0.09297641
-0.08945121
0.198241
0.1919822
-0.1120812
0.1015848
-0.7289465
-0.3745018
-0.3008078
-0.928863
-0.2306431
-0.559588
0.2372387
-0.3704006
0.416294
-0.3603059
-0.4308629
-0.2974974
-0.5253608
-0.4769461
-0.1364428
-0.2154174
0.1235817
0.6802776
-0.2684222
-0.2185807
-0.2559315
-0.4774848
-0.6083149
-0.3609594
-0.7598228
0.08824653
-0.6405979
-0.2736251
-0.349963
-0.000162337
0.7934575
-1.0334
-0.8777464
-0.4330987
-0.5045966
-0.5980697
-0.9421383
-0.04153315
-0.8776546
-0.4915046
-0.4175524
0.2188508
-0.8687489
-0.5620943
-0.7076536
-0.0137251
-0.2798787
-0.4855325
-0.1920228
-0.5281537
-0.5766949
-0.8352971
-0.02669135
-0.2222945
0.0790503
-0.2639407
-0.3192173
-0.779053
-0.8522303
-0.3131823
0.1105978
0.1586513
0.07873417
-0.6704195
0.3103638
-0.1601804
-0.3628042
-1.083392
0.1639735
-0.6712088
-0.7121505
-0.1001211
-0.2160275
-0.07153276
0.001161567
-0.07944191
-0.3464893
-0.3930431
0.06075957
-0.1659923
-0.05366816
-0.2430508
0.2790384
0.02398664
-0.8779104
-0.1122149
-0.03619725
-0.08324323
-0.5229796
-0.342317
-0.4102996
-0.8705228
0.003666103
-0.5111369
-0.5309855
-0.6415792
-0.2087045
-0.3869201
-0.3517488
0.3141587
-0.6309515
-0.4611811
-0.133801
0.2320709
-0.713615
0.1903995
-0.7380283
-0.8255983
-0.3444331
-0.5611543
-0.3189168
-0.4299804
-0.3097974
-0.7231502
-0.3029318
-0.305426
-0.01619148
0.244985
-0.7718258
-0.1933775
-0.3397303
-0.3640666
0.2240689
-0.2649056
-0.1317083
-0.2350603
0.1267229
-0.2606781
-1.267411
-0.6404977
0.221771
-0.1426836
-0.7712163
-0.09157581
-0.01534182
-0.9449233
-0.3767574
-0.1528619
-0.7481548
-0.5694236
0.07894867
-1.149766
-0.7021757
-0.07739209
-0.6449242
-0.7158551
-0.5938282
-0.3562135
0.05525712
0.01760413
-0.5162375
-0.3936277
-0.3235943
-0.1909947
0.07867437
0.1834194
-0.6475189
-0.2987263
-0.1595797
-0.5262226
-0.4020623
-0.221664
-0.8736817
-0.0597439
-0.2806948
-0.6215106
-0.2641098
-0.9741939
0.1279147
0.03007583
-0.3611097
-0.1972695
-1.291224
-0.08113408
-0.1800159
0.1020137
-0.5252857
-0.5807712
0.04445676
-0.5958233
-0.4753669
-0.2596046
-0.3410914
-1.249668
0.2286834
-1.176506
-0.7467936
-1.033375
-0.2048961
-0.6776317
-0.450348
0.04385274
-0.7307495
-0.7259982
-0.8931429
0.2018846
0.01664871
-0.4413482
-0.08074339
-0.2238847
-0.2258518
0.0526989
-0.04132277
-0.06930004
0.164291
0.08558041
-0.07208828
0.3842443
-0.1306157
-0.09049858
0.0507408
0.2602119
-0.02712261
-0.1916699
-0.216673
-0.08885099
-0.05581987
0.4852379
0.09757148
0.09825676
0.02624684
0.04238191
0.02961728
0.375451
-0.1554968
0.05115344
0.3297121
-0.1043003
-0.1678331
-0.2286339
-0.4069925
0.2302905
0.6653709
-0.5393475
-0.02170295
-0.1270599
-0.4695908
-0.1954732
0.05216715
1.471032
0.288586
0.1070713
0.01703916
-0.5762699
0.0360413
0.08627281
0.2053299
0.4071756
-0.03604416
-0.3893498
0.1254017
-0.3898541
0.3923056
-0.06157381
-0.03947775
-0.2513387
-0.2818903
-0.2621694
0.04084906
0.1735623
-0.1520449
-0.03870483
0.224377
0.0502628
0.360584
0.01984429
0.4115236
0.5619148
-0.5069684
0.2465114
-0.04217155
-0.09368952
0.2250296
-0.1292464
0.649023
-0.2702165
0.4731598
0.1443411
-0.008615262
-0.5580442
-0.1237178
-0.03422126
-0.2415496
-0.000597993
0.05042117
0.09804889
0.2679592
0.06785376
-0.2955097
0.491676
0.4390853
0.6323064
-0.9805773
-0.05888981
-0.04718688
0.3639565
0.007863963
-0.2537069
-0.08450807
-0.2445928
-0.1417674
0.4213
-0.1435848
0.05232649
0.3557239
0.2556006
1.157472
0.1547142
0.1337382
-0.3042225
-0.3761266
0.1193125
0.3631702
0.03088898
-0.003954795
-0.1315892
0.5344309
0.09522191
0.3512331
0.05427257
0.282041
-0.1563608
-0.1215649
-0.4926365
0.1510077
0.628675
0.1989636
-0.2849081
-0.4169628
0.252061
-0.7760509
0.06589031
-0.008746724
0.01516465
0.06452886
-0.1734606
0.1765796
-0.4165144
-0.1727065
-0.111419
0.07022918
-0.2192473
0.1761949
-0.192679
0.1070408
0.03494925
0.130859
0.3887522
-0.2560658
-0.1435136
0.1817857
0.0755137
-0.1205847
-0.324509
-0.362317
-0.04384632
-0.4054925
-0.2562545
0.1228845
0.1061023
0.3095356
-0.2830713
-0.2345956
-0.2351769
-0.02973952
-0.1567081
-0.2239975
-0.02367306
1.064663
0.1165332
0.003349348
0.5160806
0.1449896
0.4916558
0.07080564
-0.2945772
-0.1832143
-0.377128
-0.2001795
-0.01858531
0.04643068
0.1743903
0.17432
0.3477751
-2.65485
0.3135126
-0.2241907
-0.2267779
-0.1984957
-0.09870679
-0.1339169
0.09566905
-0.1198153
-0.2883864
0.09103894
0.01694094
0.03348299
0.3133728
-0.1063715
0.2834135
0.5697261
0.02600926
0.1339481
0.07894933
-0.02697855
1.051339
0.4251898
-0.1463763
-0.4706775
0.5863014
-0.1449445
-0.4616774
0.6097522
-0.08229638
-0.3462683
-0.2163497
0.2321883
-0.08929465
0.6584977
0.1905144
-0.01878079
-0.1547007
-0.3918714
-0.1405401
-0.3433349
-0.1004631
-0.05691248
0.2523279
0.04896197
-0.006990945
0.2096549
0.2609721
0.001111444
0.6066485
-0.3576046
0.3119085
0.1876591
0.1205936
-0.1335531
0.1024742
0.3442341
-0.1190514
-0.1708251
-0.1618255
-0.348987
-0.001226997
-0.2214216
0.552795
-0.6034289
-0.4479069
-0.317569
-0.7282022
-0.5055932
-0.1476613